2 15 15
0 0 0 0 0 0 0 0 0 0 0 0 0 0 0
0 6 1 1 1 1 1 1 1 0 1 1 1 9 0
0 0 0 0 0 0 0 1 1 0 1 1 1 1 0
0 1 1 1 1 1 3 1 1 0 1 1 1 1 0
0 8 1 1 1 1 0 1 1 0 2 1 1 1 0
0 0 0 0 0 0 0 1 1 0 0 0 0 0 0
0 1 1 1 1 1 1 1 1 1 1 1 1 1 0
0 1 0 0 0 0 0 0 0 1 0 0 3 0 0
0 1 1 1 1 1 1 2 0 1 0 1 1 1 0
0 0 0 0 0 0 0 0 0 1 0 1 1 1 0
0 9 1 1 1 1 1 1 1 1 0 1 1 1 0
0 0 0 0 3 0 1 0 0 0 0 1 1 1 0
0 12 1 1 1 0 1 0 1 1 1 1 2 1 0
0 1 1 1 1 0 4 0 1 1 7 1 1 1 0
0 0 0 0 0 0 0 0 0 0 0 0 0 0 0

0 0 0 0 0 0 0 0 0 0 0 0 0 0 0
0 1 1 1 12 0 1 1 0 1 1 1 1 2 0
0 1 1 1 1 0 1 1 0 1 1 1 1 1 0
0 1 1 1 1 0 1 1 0 0 0 3 0 0 0
0 0 0 3 0 0 1 1 1 1 1 1 -125 5 0
0 1 1 1 1 1 1 0 0 0 0 0 0 0 0
0 1 1 1 1 1 1 0 4 1 1 1 1 1 0
0 0 0 0 0 1 1 0 0 0 0 0 0 1 0
0 1 1 2 0 1 1 0 1 1 1 1 1 1 0
0 1 1 1 0 1 1 0 1 0 0 0 0 0 0
0 1 1 1 0 1 1 0 1 1 1 1 1 2 0
0 1 1 1 3 1 1 0 0 0 0 0 1 1 0
0 1 1 1 0 1 1 1 1 1 1 1 1 1 0
0 0 0 0 0 0 0 0 0 0 0 0 0 0 0